# Camera parameter file. 

# The format of each camera is as follows:
# Filename (of the undistorted image in visualize folder)
# Original filename
# Focal Length (of the undistorted image)
# 2-vec Principal Point (image center)
# 3-vec Translation T (as in P = K[R T])
# 3-vec Camera Position C (as in P = K[R -RC])
# 3-vec Axis Angle format of R
# 4-vec Quaternion format of R
# 3x3 Matrix format of R
# [Normalized radial distortion] = [radial distortion] * [focal length]^2
# 3-vec Lat/Lng/Alt from EXIF

# The nubmer of cameras in this reconstruction
11

00000000.jpg
D:\VisualSFM_windows_64bit\kermit\kermit000.jpg
692.903137207
320 240
0.0468260012567 -0.0356607660651 0.0896751433611
-0.0735975652933 -0.000208105891943 -0.0780342817307
0.345760856462 -0.291642418934 -0.103456563965
0.97320683534 0.17133364798 -0.14451653103 -0.0512654633405
0.952973365784 0.0502627007663 -0.298855900764
-0.149304896593 0.936033308506 -0.318668752909
0.263722002506 0.348303556442 0.899519503117
0.109405348151
0 0 0

00000001.jpg
D:\VisualSFM_windows_64bit\kermit\kermit007.jpg
693.270935059
320 240
-0.339829862118 0.886948764324 0.22354722023
0.410716295242 -0.833340525627 0.298314452171
0.648045974164 -0.14691027314 -0.072935107206
0.944659843242 0.318023478727 -0.0720950642197 -0.0357923317785
0.987042546272 0.0217673107982 -0.158976301551
-0.11347900331 0.795159935951 -0.595687150955
0.113444946706 0.606008887291 0.787326395512
0.111427877424
0 0 0

00000002.jpg
D:\VisualSFM_windows_64bit\kermit\kermit001.jpg
689.905151367
320 240
-0.727085292339 0.103096485138 0.011679539457
0.731216371059 -0.0619638822973 0.0300247874111
0.406910864753 0.0103347852442 -0.05049960809
0.979044362134 0.202032257504 0.00513124660601 -0.025073181154
0.998690068722 0.0511688813567 -8.38071355247e-005
-0.0470221452415 0.917108297348 -0.395854383707
-0.0201786793768 0.395339787006 0.918313086033
0.101632942087
0 0 0

00000003.jpg
D:\VisualSFM_windows_64bit\kermit\kermit005.jpg
696.216491699
320 240
1.00807881355 -0.0331524983048 -0.00750883016735
-0.833286821842 4.57989517599e-005 0.568341255188
0.385960156516 -0.589454338141 -0.155086827326
0.935643224991 0.188822180243 -0.288377054994 -0.0758726836648
0.822164177895 0.033075530082 -0.568289041519
-0.25088351965 0.917179226875 -0.309580564499
0.510983109474 0.39710021019 0.762369573116
0.115517671689
0 0 0

00000004.jpg
D:\VisualSFM_windows_64bit\kermit\kermit002.jpg
702.02746582
320 240
-1.58656549454 -0.246019586921 0.861097097397
1.81361603737 0.00153532624245 -0.173196613789
0.318155293046 0.41836619092 0.0436786179071
0.965430888014 0.157240329242 0.206767069547 0.0215870689901
0.913562655449 0.0233426336199 0.406027555466
0.106705926359 0.94961887598 -0.294682353735
-0.392449706793 0.312536329031 0.865045666695
0.115379192378
0 0 0

00000005.jpg
D:\VisualSFM_windows_64bit\kermit\kermit009.jpg
690.539306641
320 240
-1.24260938168 -0.941272139549 0.184288948774
1.02685642242 1.18581223488 0.0587212592363
-0.0744390824239 0.143133574117 -0.210124135523
0.991240244465 -0.0371107995857 0.0713576955822 -0.10475511556
0.967868804932 0.202378630638 0.149240285158
-0.212971314788 0.97529822588 0.0586211681366
-0.133690193295 -0.0885217040777 0.987061858177
0.125740692708
0 0 0

00000006.jpg
D:\VisualSFM_windows_64bit\kermit\kermit010.jpg
690.168945313
320 240
-0.571588039398 -1.13671255112 -0.00965486746281
0.430166423321 1.19629001617 0.0526182502508
-0.0305109715809 0.0146064095192 -0.120687184817
0.998036946286 -0.0152455020374 0.00729842527281 -0.0603041013341
0.99262046814 0.120148934424 0.0164069533348
-0.120593950152 0.992261886597 0.0295509006828
-0.0127294389531 -0.0313113965094 0.999428629875
0.135664545593
0 0 0

00000007.jpg
D:\VisualSFM_windows_64bit\kermit\kermit008.jpg
691.91003418
320 240
-0.483230322599 1.78290128708 0.654372096062
0.577972531319 -1.43961977959 1.197453022
1.05235791172 -0.0348533597712 -0.0473794069364
0.864319694588 0.502159068918 -0.0166311579896 -0.0226082767167
0.998424351215 0.0223786141723 -0.0514551363885
-0.0557845011353 0.49465033412 -0.867299854755
0.00604341318831 0.868804037571 0.495119452477
0.11270019342
0 0 0

00000008.jpg
D:\VisualSFM_windows_64bit\kermit\kermit003.jpg
694.946228027
320 240
-2.19861030579 -0.363977342844 1.23195207119
2.45626568794 -0.00126007199287 0.671440064907
0.402654006245 0.793793480306 0.0978133374602
0.901437328912 0.194668046383 0.38376925014 0.047289064602
0.700969934464 0.0641589015722 0.710299193859
0.234671413898 0.919736146927 -0.314665943384
-0.6734765172 0.38725823164 0.629650950432
0.0897684116414
0 0 0

00000009.jpg
D:\VisualSFM_windows_64bit\kermit\kermit004.jpg
701.606323242
320 240
-2.36724209785 -0.68840098381 1.40103399754
2.40524554253 0.226574659348 1.48461580276
0.331488779855 1.12715024944 0.176026140833
0.828709324231 0.156168179688 0.531013456223 0.0829279410405
0.422295302153 0.0284084938467 0.906012952328
0.303301125765 0.937468886375 -0.170764312148
-0.85421025753 0.346907794476 0.387272387743
0.0812715323615
0 0 0

00000010.jpg
D:\VisualSFM_windows_64bit\kermit\kermit006.jpg
688.167480469
320 240
1.88810276985 -0.0873024612665 0.73249155283
-1.50894451141 -0.375238746405 1.30053091049
0.455689409465 -1.02054857864 -0.317175169397
0.835969910929 0.215245074493 -0.48205652857 -0.149817817896
0.49035230279 0.0429658032954 -0.87046456337
-0.458006948233 0.862448334694 -0.215435504913
0.741474449635 0.504318118095 0.442582130432
0.0714194221987
0 0 0

