f1 = 692.903137207;
k1 = 0; k2 = 0;
r1 = [0.952973365784 0.0502627007663 -0.298855900764;
0.149304896593 -0.936033308506 0.318668752909;
-0.263722002506 -0.348303556442 -0.899519503117];
t1 = [0.0468260012567 0.0356607660651 -0.0896751433611]';
c1 = -r1'*t1;

x1 = [20.9775695801 -3.63632202148]';

f2 = 693.270935059;
k3 = 0; k4 = 0;
r2 = [0.987042546272 0.0217673107982 -0.158976301551;
0.11347900331 -0.795159935951 0.595687150955;
-0.113444946706 -0.606008887291 -0.787326395512];
t2 = [-0.339829862118 -0.886948764324 -0.22354722023]';
c2 = -r2'*t2;

x2 = [-2.79940795898 -59.5520935059]';

x2c = [x2; -f2];%x2在当前摄像机下的坐标,如何变换到x1。。

x = [0.670388758183 0.906412661076 2.19703245163]';


% P = r*x + t;
% p = -P./(P(3));
%K = [f 0 -320;0 f -240; 0 0 1];
%pixelpoint = K*p
%pp = f*p*(1+k1*(p(1)^2+p(2)^2)+k2*(p(1)^2+p(2)^2)^2)
%rp = 1+k1*(p(1)^2+p(2)^2)+k2*(p(1)^2+p(2)^2)^2;
% pp = f*p


